00001111110000010000010000010111
00000000000001000000010000010011
00000000000000000000010010010011
00000000000100000000101010010011
00000000010100000000100100010011
00000000100101001000001010110011
00000000010100101000001010110011
00000000010101000000001010110011
00000001001000101010000000100011
00000001010101001010001010110011
00000010000000101000111001100011
00000001010101001000010010110011
01000001010110010000100100110011
00000000100101001000001010110011
00000000010100101000001010110011
00000000010101000000001010110011
00000001001000101010000000100011
00000001010101001010001010110011
00000000000000101000111001100011
00000001010101001000010010110011
01000001010110010000100100110011
00000000100101001000001010110011
00000000010100101000001010110011
00000000010101000000001010110011
00000001001000101010000000100011
00000000100101001000001010110011
00000000010100101000001010110011
00000000010101000000001010110011
00000000000000101010001100000011
01000001010101001000010010110011
00000000100101001000001010110011
00000000010100101000001010110011
00000000010101000000001010110011
00000000000000101010001110000011
00000000000000000000000000010011
